1.0000000000000007
0.9995163813669427
1.0197051564089077
39.28193723361493
2.099517261859842
4.249430572754127
110.24613643587831
79.29413210032898
1.7196383024778834
2.0576618946863743
2.1031781567237124
2.1000458981449017
2.468254172176815
2.8794638870917995
1.011313038371599
0.9369612294369193
0.9421827786239957
0.9787690279758832
0.9929538935308608
1.08181071220577
0.9996249276540602
30.72644161948759
1.0251208373775236
2.4306106479869647
2.6857187651796903
85.29561185530973
12.017318573753716
94.0796242545742
3.593328060677065
54.91247658504719
23.65183394673442
12.660090580859414
1.098011362672406
1.0590569566845045
1.7891685574978078
0.9581845964060501
0.8787943782730298
0.8985946371011342
3.924943044763524
0.9917086156985079
1.0053968442727719
125.67296412723593
148.0991749052048
2.4810329249938294
37.319112699473415
3.1632384991393034
4.660731757351789
2.533717681393142
1.0003003608571222
1.0000000000000016
0.6863013511576685
0.8607477635491492
0.9981973863170712
4.668956703403901
7.1922122491895015
2.9854680536557168
1.0969707373982884
0.7900033801316084
3.9962598159337306
3.814162926714979
133.9271306273188
1.1342110613357577
134.58356821744232
54.234080185555406
2.095497544452908
1.1691301501088438
5.559837178784655
0.17696252786257288
1.0000000000000007
0
1.0000000000000009
0
0.0068108606003129315
0.13429253768364904
0.9995772435093749
0.9609812240967015
3.4931323651281634
1.147202030127412
0.7187362339718405
0.8730019653545534
1.033529806717421
1.1831307547099372
27.05555943765315
1.2424535900515474
1.0153006461608622
0.9999999999999997
0.0339683174421829
0
0
0.9999999999999998
0
0.999999999999998
1.0000000000000016
0
1.000000000000001
1.0000000000000007
0.9720041536835645
0.7805248261601707
0.8166066926542368
0.7241822813591342
160.4008338444945
1.6001861076323372
1.2407477290483429
148.2474641417812
9.4687402444149
0.026263603754534976
0
0
0
0.9999999999999998
0.9999999999999998
0
0.9999999999999996
1.0000000000000024
1.0000000000000016
0.9999999999999993
0.9999999999999992
0.9466008692235607
1.7666767348378634
0.5896968563971472
136.11353011531537
1.8496819786866765
1.0557222091993905
51.406710943161166
0.6899438987540701
0.9999999999999996
0
1.0000000000000004
1.0000000000000002
0.999999999999999
0.9999999999999999
0
0
0
0
0
1.0000000000000002
2.3259453347063506
0.8500867916627558
0.5287178524668863
1.1671603695913364
1.0895378596678305
0.9980547631029263
0.9999999999999987
0.030960703210952963
0.9999999999999989
0.9999999999999986
0.9999999999999992
0
0.9999999999999996
0
0
0
0.9999999999999991
0.9999999999999988
0.9999999999999987
1.0000000000000004
1.000000000000001
3.236031941437177
0.5722954686192795
6.692919145981005
139.9902255100037
0.9990277643728056
1.0000000000000013
0.002696526372609228
1.0000000000000004
1.0
0.9999999999999994
1.0000000000000004
1.0
1.0000000000000013
0
0.9999999999999994
1.0000000000000007
0.9999999999999994
0
0.003066562518746498
0.7285253692450212
0.9917473784997843
0.7116442018344793
1.7383695463478004
0.9165134299581813
107.19123024594309
1.0000000000000007
0.002055823046825501
0
0
0
1.000000000000001
0
0
1.0
0
0
0
0
0.013738075016276071
0.9663494353293484
0.9958785433775579
1.1804520432060999
1.763554547840843
0.8862837308982353
0.9999999999999996
8.825417629505836
0.020008267059739803
0.9999999999999997
0
0
0
0
0
0
1.0000000000000002
0
0
0.9999999999999991
0.9999999999999998
2.850997565881854
0.9964794173972558
1.254194085598669
1.491526744137538
0.8284908530431144
92.01960968028578
20.11748425386037
0.9025957529497974
0.0016950894816902574
0.9999999999999991
1.0000000000000002
0
1.0000000000000009
1.0000000000000007
1.0000000000000002
1.6828902626436693
251.73219336168268
1.0
1.0000000000000007
129.37037029367372
1.000000000000001
0.995973924917069
1.0356563105742957
3.1676327087235805
83.29039439288671
93.02807745465314
1.0
0.9999999999999987
62.37989583249402
235.65914877842033
0.9999999999999996
1.0
254.99999807943
254.99999990839746
1.0000000000000016
254.99999999999997
254.99999999999997
254.99999999999784
0.9999999999999998
0.9999999999999999
48.39327101894186
5.244985270059723
0.5201229673123707
9.533722611422162
0.7006700411676872
0.9522748486920893
94.64606131597375
209.63822557509081
1.0000000000000007
1.0000000000000002
254.99999999999997
1.0000000000000002
254.99999999999997
254.99999999999997
1.0000000000000004
1.0000000000000002
0.9999999999999996
1.0000000000000004
1.0000000000000002
254.72215849672978
1.0000000000000007
4.76393851928902
0.38026283984385567
28.352392731077924
1.939129355829444
0.8040547685437031
108.31273813365692
0.9999999999999987
254.94843909450884
0.9999999999999987
1.0000000000000002
1.0000000000000002
1.0000000000000002
254.99999999999997
254.99999999999997
254.99999999999997
254.99999999999997
254.99999999999997
254.99999978662376
254.38407418897663
0.9976879701083231
2.84177688595504
0.3380901751070204
38.69487465441227
0.8718190241493308
0.7369909659149211
71.00363517866657
214.2869713023164
254.71489477535172
254.99999855354898
0.9999999999999989
254.99999999999997
0.9999999999999999
0.9999999999999996
1.0000000000000007
254.99999999999997
254.99999999999997
254.99999999999994
254.99981920264003
0.9999999999999989
0.847603922277388
0.6621412434470093
0.5905136604401017
0.8668129511579807
0.7277122423166754
0.5996724948473293
0.775542308445394
0.9311195761895623
1.0
0.9999999999999998
0.9999999999999994
0.9999999999999996
1.0
1.0000000000000002
1.0000000000000004
0.9999999999999992
254.99999999999997
254.99999872734446
254.79294149197924
171.46930660007106
4.131687867155446
0.4810133042609241
1.5022127897272948
0.9402523831532201
39.64384412354048
9.654342848044656
1.3879132480182363
25.960240082864715
0.9125263046713761
253.23310474012857
254.99702602800767
0.9999999999999999
254.99999999997843
1.0000000000000009
254.99999999999972
254.9999999991306
254.99997789052355
0.9961930327418483
0.8731397188602207
11.047219061727182
0.10652228458873655
0.5438419536029213
9.147189691496635
0.9864920148813537
113.28576201416583
0.8393096437131403
0.8693244933869022
1.0755140437961486
20.733161793388007
0.9189256103875971
0.9839177821253271
254.8016619762466
254.99311130895288
0.9999999999999997
254.9978617616039
254.96013427110998
253.19586570683208
203.8715856500146
0.833029888668556
0.1809297008803336
4.153030195730855
18.66009881970569
77.01663558741807
211.4012567316932
194.72256227922122
0.918810202769074
0.9147551408550659
0.96764024264495
6.815459071514792
1.2248547819711462
53.18659106124418
185.2975282417093
1.6888942453998745
239.22802198127542
1.3765832712678687
0.9259908396885695
0.7677119630690573
3.699488307402365
0.21368719782819526
0.8044330061297873
0.7751030261741302
190.824364623444
0.9720068333958881
