65.27360673813106
2.487249975167301
97.0700817999308
0.5844324922975599
71.78080821338644
28.899169718033683
0.6191370476962551
0.449052809544236
0.06207125248869551
0.8556605827527928
0.20741374253908634
0.026655232387392196
1.9048269820227814
241.4031793592225
0.2995411897215653
1.303923882288831
2.0320122976503887
27.901582428119468
71.74267649217634
53.823058359246865
0.5624988011283404
0.49623000511729015
0.624535819951289
1.5402859469596484
1.2736285517076196
123.15896117849758
4.772751088629182
0.5606579034990418
32.10017720360563
19.509619183807416
22.051941236919664
0.704400010694773
1.213257391543883
155.41415516413468
0.29419984196761956
0.546213317664477
1.7641001514623824
57.747131416147376
6.0267363640261555
49.894550026928016
0.4661562314119005
0.8632888871533677
1.9584068187436394
0.8374543752845468
0.046898914186534586
153.61285365875804
34.76625763302244
0.5642092528313479
2.8264520875984545
118.139699504597
0.9480322650679461
1.3792851482714097
0.9902334509892426
1.7560895153443303
1.0623037869310112
2.027757880918439
0.016217544459435365
0
1.157943932509352
1.3534667641650755
0.9595193240073613
3.2212039230803353
38.013775854661546
1.0513735549438021
1.8601982268584747
0.5947558725985594
1.2183495909156592
87.24834132186253
0.0013032624795687015
75.76245492439199
0.8643725460645653
1.7580930047511363
71.1709643720059
72.43193768835535
0.31416756281436303
0.9380842655872251
0
0
0.48532316654118207
227.7145888778975
115.51458327965004
40.97967918753307
0
36.71981139678216
109.86091302915894
74.96867337094548
62.08716094205385
52.55419193576083
47.08099354964635
1.2064037398317715
0.4838128800026052
1.2495939192813774
56.83830484240241
56.45016513884821
55.424608725829316
1.5268502715372396
8.806947344946426
206.22044449136433
0.007827530802671623
224.2417355033255
247.3775271096311
11.717833584036056
0.7605237162757551
1.807228479914181
62.37525672566629
45.12209373921382
0.03598660269208371
31.365156216631025
1.2016865951743652
47.715097868300845
58.11864897098488
71.72026340385679
70.51093424286273
61.05147175404034
51.98959932192155
0.02103452545097493
1.1865579313983117
0.8988156704153266
200.72844652653907
0.19965996599086375
251.96351053203728
0.22785315155114513
2.0001887830833067
0.13106891851057453
44.218828799895384
31.958217260286116
1.3918280326983172
1.4528467704987957
1.1952831531755133
19.42758041161956
41.88434683770579
0.506069794890183
118.3043536678819
1.0804420696353183
1.1938653668134518
1.4657777954129863
1.8950145137452243
23.96395798888975
1.478983267436832
0.005430444882578617
0.7073443623493195
254.99116080860264
245.95194310005206
53.58911956856509
1.6579864537580906
3.2380950580369894
0.09172013447852455
0.3994315501995473
0.019835651031528782
1.436815738161185
7.485234231675486
0.20142103494316174
1.2623003496223564
2.716900582079527
128.83969992264477
0.22286520020638442
48.49507786324131
23.414628976191267
0.0016713667986813848
236.27891225444756
3.453863567397544
0.9082377713529637
1.8826771972737468
0.613541603343474
56.059507921402066
0.2788488909859176
0.5881373322813237
0.24484894350153993
0.5271928768218784
1.8620993236062748
24.486663495933712
1.035002211405005
0.6247999727066617
0.7206012654506819
2.0782498370729448
0.3242084520621361
1.6883590952992895
30.25257298725504
0.6332927084573229
235.95158981620258
0.5320082559743227
218.49101770113475
65.48705169129387
69.80995120684166
0.30393537504539714
26.58578584095387
64.17268272595939
2.4472539958597626
27.708067668569406
1.540426255611301
12.152199747585788
74.477199700061
25.369550300067555
20.586883411657134
2.1654927556791788
95.39576375696618
71.83438912083618
0.058041139640725714
8.018965733069205
3.5261238560084047
0.16131733875773355
119.03608871688459
54.76874318497195
70.61209006775753
0
26.44746294186152
55.91506651538409
0.07287534364210345
1.17415641878109
5.087452649323874
5.170333229981279
1.7162040374470322
8.47641517604117
4.237421980552784
37.81910879151546
36.658045331275666
69.89399990410756
37.36301555544093
1.3268169240430214
3.905999356408337
0.16872651314576775
0.9011057374649806
0.1437128217336637
51.71161719163914
0.3707871725952414
25.835633536360326
0.02089823257897306
1.646454844575934
11.812019575636155
58.03673215119019
10.76134535845322
7.373125720088952
0.2245225310352179
0.7036756962659781
8.83156368749635
0.3370874659065425
1.0732826769221238
1.334778699345486
4.6511885569128095
1.157764486146029
1.1498026314964227
0.6070214400762957
20.17232234339318
1.126938783743559
0.6010168484593562
1.2109522895247895
2.039053577055422
14.838812841068158
0.368275227780706
0.6759921471307346
0.8748068488464458
31.49246270289021
9.647126462057535
0.2244412442332563
1.4748951096800036
42.992063356148755
52.60720217727236
1.0392259668814783
0.5758520152901841
0.4011455817408959
7.197937718137351
0.020963169896048822
0.27655497358642134
18.56826724159708
33.09799387537149
1.4729958536313186
1.651317934877545
1.3589867888963405
1.6021182641498741
19.282905617947456
20.847113641615568
1.2446812689452333
0.32954344461610746
2.389793087190393
1.2823643315253264
48.785961688294044
46.16342710889371
1.2722407589500369
0.2765761843306867
32.309767138277074
22.87151203771238
0
8.350019687204894
1.174811248858181
22.299594677590438
0.2974700808752873
0.41093856306699567
70.18613906690618
0.2698682104610966
24.717743795716324
1.3339606579896626
21.137642458604095
1.0462773561625687
0.5254354384411875
0.5617465222588336
1.2821725233462895
39.56115111844564
11.0837598559284
0
0
0.46698554584501556
0.5932389876190021
1.8037047418367755
0.23207027364881855
0.006124448254917619
1.1620570401455157
1.1335926250254889
34.07144063287303
1.2635368422140865
106.84073784159257
60.154120334975424
31.711544092711847
29.635536249016617
0.6513948675298512
50.16535354677182
0.5502739917253688
1.097513618342756
1.7740783756887724
0.00937049062057335
0.47455953089533004
0.3074494723064774
0.3117078728813444
0
0.32679516305635214
12.174072137687883
1.01957464873594
33.10467389092586
41.910764672539834
1.0207313809339549
0.9725304306949002
0.3438702580125884
1.0640997901566165
1.528275348819177
0.6026523913408713
1.0921851308955184
1.0894453188788749
0.8446008356783536
1.014167748255711
0
0.8028361309317115
0.2029313619286228
0.4044190807614478
52.83930007361557
0.07670592341896264
6.303501666434571
0.0037741880728565506
38.49941423350196
0.5447917644583246
0.8830415157263986
85.85612196875559
88.74968209600233
0.7059310592654352
107.724820188117
52.41969445243836
0.29309574761357843
1.2113233615470287
1.301166771066798
0
1.4553110248276622
0.0027385812841181495
7.2378672823883
10.820101775160971
0.4016657256898081
248.50761497626053
0.09368838568979236
179.49794293177587
16.402095007761236
0.23669292694891106
63.96099934275324
87.05183138752592
1.7990838497365846
78.9176681533795
0.6288340595690822
1.4235704351203011
6.105671419994851
1.6700326084412926
0.05377063730778659
1.8498008172818299
1.273843941838313
1.3627941028759714
1.0073898057697799
14.080654347104383
0.573687153303925
8.502837916403276
0.7891245325961708
0.06179740957096471
0.2804117191834794
250.21605980957483
1.266472118888543
8.05090013988013
0.8649830257051812
0.5845468466694874
0.47544925847771524
0.001973937295003904
0.386227344246793
0.3962677231250456
1.2169913625107656
6.1451922445254175
0.004987590069691376
10.094655386236475
