0.07104481419529454
173.49239257546887
223.97027686921982
79.19062984263468
247.87710876746164
251.16849632016013
249.9358780861989
248.8373983848763
251.41144383207404
248.50505645683168
243.7654091838003
227.54758278653225
0
0.2886633798458462
223.03992777883815
179.7318773551867
166.19617783296385
219.00456078711116
210.11213940482352
254.00707843400545
167.8213018280324
0
242.55393915026374
249.4421687485866
252.10209847051112
252.23798457531683
252.54964687166594
249.14395618444448
251.98924740001175
245.95707048138098
245.55721512985744
238.46757888655432
240.77710975525787
234.32033828748024
0.38520505825498025
0.9176418987888055
0.16168597296522672
139.12361231571813
0.5469688082510898
210.1151089631797
221.0145523842994
244.91127065221647
253.1594690324082
251.84698721187212
253.24143254335021
252.6326031138917
250.30266253356226
240.3762258390831
211.8285900524725
1.771760491186864
254.6128096033123
254.80632357482122
196.3714821439873
250.50272406022918
0.5081748193120779
0.009169190230546069
0.09581009501308209
0.0193766044931832
0.04815724953731131
0.04371255095075963
247.84353995673843
247.79547845125362
254.2153654592797
253.7649931987048
251.2900793235327
244.40688202228665
0.11623182710292528
0.06192720163137324
1.8294995960147646
252.11554091283583
0.9855277862380714
254.99988349205492
254.9999283966952
254.99835026037894
168.5971224324515
189.37543965276686
0.0699570758503078
0.03988194231278312
0
137.8548442144311
243.90144095909812
250.16778999648145
253.84465560378396
250.45882095209708
240.27597685750658
0.5074801057683689
0
0
0
0
254.9980958621277
2.83959251197217
2.063274258025963
254.99999999810112
0.7992420155396729
2.870065319738745
201.98197040007463
0.19611472863493892
0.014441560036250583
0.06974833017620508
254.8164555653858
253.26686547431692
251.01990884581738
252.16122166571697
0.008886665784388324
0
0
0
0
1.3398036045712565
0.9603185919042484
254.99999999999352
1.9429582396235123
0.582768389191187
0.7075303528172658
0.6953503777528565
0.5603831845091045
30.97874374278943
0.0022531439988148242
0.015025152545670327
254.88864037013926
253.98417330210765
246.21263109646532
0
0
1.723533802469724
0
1.3687504322667283
1.3604831103005137
1.18462338537025
1.488802837995875
254.99998280149234
254.99999999999997
254.99999999999997
254.99999999999997
254.99999999942122
0.5535372544552947
0.04261771706720654
0.7548745330789339
0.0014195668261960585
253.44108898626678
252.7026484751593
234.07527481381493
0.8759331137532211
0
1.4316766172468767
1.3501277915220133
0.8719014887711023
0
0.7178820329204771
0
71.54062616181926
254.99999999999997
1.710174041279678
1.7464619172037108
0.18277680042564104
0.03812221487149654
1.090983560164107
0
0.023469948913936233
254.8294175067536
254.95953192792646
187.608443520893
0.8065313123483921
0
0.9817987328766866
0.7831717381682887
0.6606265138120159
0.6500923077314786
1.2290140646454422
0.30806088654674724
0.005180985005671731
1.0502451392831509
1.1630008768253457
1.5885371540387032
254.99999999999997
254.99999676572673
0.8301422196244108
195.18808924196995
0
254.69400519348764
247.47301226644046
254.4922735101974
0.8765672397740498
0
0
0
0
1.919995873151229
0
0
1.5109655580876291
253.50454478928245
254.99999999999986
254.99999999999997
254.99999999999997
254.9998893632293
0.2696808658241603
202.8482646926407
0
254.78917773532226
246.37961959318645
1.3004983796062302
0.06020380123114021
0
1.699901704515321
0
0
0
0
0
0
0.03931456015854996
254.99999932666788
254.99999999999997
1.4539389979909063
0.29772816303459615
0.002101197726635971
201.89850835956665
0
254.78285368252202
248.67665049175847
254.9151415953553
0
0
0
1.353747675341186
0.4373251165397454
0
0.6837284029212114
1.8506861923683393
0.9917182171753974
0.0015244196093047674
254.997589150031
0.4572766480001204
1.0678582381782533
1.2187039029703064
1.4433707192910437
204.1128645355667
0
254.91882086286208
254.98609601104815
254.96237301148585
0.9674735904302307
1.0110597886754769
0
0
0.9618796710896134
0.8851154714571247
0
0
1.3784962167633317
0
2.7170352480551263
20.831914243434273
1.6376571785258327
1.1529334762818273
0
0
0.031391755285529704
254.9610126745937
254.0698523249032
225.1955537993624
254.87801158567942
156.69564283752837
1.6764769995308433
1.6273694919690453
0
2.2420270819762385
0
0
0.5069159814648715
1.456134694883348
0.7060987579501782
0.7052018271080216
0.7189098790552538
0
0.21152813443568608
0
0
254.98029404623338
254.90190847112564
247.80348707231713
254.94687096758435
0.26011829336291126
0.0013365739713653197
1.516704902563541
0.480780290972995
1.6544224012135893
0.8410084897384672
0
0
0
0
0
0
0
194.74358037178152
0
0.005241912242152423
254.98477884942486
254.5716530570936
253.83414895175872
254.96227889593692
254.85328882730772
238.11729635532046
0.09811828921694461
1.2437927951481036
0
0.17189583272078954
0.39420360671253696
1.2903129285867474
0
0
0
0
0.4074759400868396
222.01124460230182
0.0012015775543704594
0.0018605405502205648
242.99506418086844
253.12269823344747
254.77468677146982
252.54884765887877
233.25515461338443
0.6259842620429852
1.18549431032899
0.49419027390042425
0.7297955068163618
0.40500742877197515
1.3070087410857814
1.4269157520582907
0.9980955962644444
0
0
0
0.0011179858378013885
0.0024844910274004926
0.006518987281074714
0.0011940793523336722
229.69103102815802
254.96560377918564
254.9458415913664
254.76162601569004
254.9240745294436
239.28084463691863
251.70460086916523
0.23019033991814403
1.148988305132356
0
1.7405041825285685
0
0
0
180.42393544764258
220.32049483477024
0.00757872260627733
0.010959893079023413
0.029481126785262074
0.0011851001937693
155.38429890637997
254.93718831295186
249.0328030026858
253.64020488273204
254.5770534276151
254.79886705172268
246.08932204943915
230.8723905272235
0
0.12343727935699436
0.04587528153879947
0.012923370738524599
0.010693095671182162
0.014656116591888653
0.025945575506699903
0.04723086762090216
0.02804568741151227
0.008797774399956283
0.0029616212084374073
0
254.8659865599678
254.88442125209983
237.30540067804168
247.834221588891
252.34416657054564
254.65716815981068
253.77999874751194
254.2461448141974
252.94550518449586
239.27782409117253
149.89522389216037
141.81985961515826
0.10539817271088013
0.08255139495544825
0.10333282646123251
0.05072982752924021
0.0475734023402938
0.10826847754091645
0.0018197932838577196
218.46172212451236
